/*--------------------------------*- C++ -*----------------------------------*\
| =========                 |                                                 |
| \\      /  F ield         | OpenFOAM: The Open Source CFD Toolbox           |
|  \\    /   O peration     | Version:  2412                                  |
|   \\  /    A nd           | Website:  www.openfoam.com                      |
|    \\/     M anipulation  |                                                 |
\*---------------------------------------------------------------------------*/
FoamFile
{
    version     2.0;
    format      ascii;
    arch        "LSB;label=32;scalar=64";
    class       regIOobject;
    location    "constant/polyMesh";
    object      faceZones;
    meta
    {
        names           2 ( x0_gap_lower_leftx0_gap_lower_right0Side0Zone x0_gap_upper_leftx0_gap_upper_right1Side0Zone );
    }
}
// * * * * * * * * * * * * * * * * * * * * * * * * * * * * * * * * * * * * * //

2
(x0_gap_lower_leftx0_gap_lower_right0Side0Zone
{
    type            faceZone;
    faceLabels      List<label> 
240
(
319
639
959
1279
1599
1919
2239
2559
2879
3199
3519
3839
4159
4479
4799
5119
5439
5759
6079
6399
6719
7039
7359
7679
7999
8319
8639
8959
9279
9599
9919
10239
10559
10879
11199
11519
11839
12159
12479
12799
13119
13439
13759
14079
14399
14719
15039
15359
15679
15999
16319
16639
16959
17279
17599
17919
18239
18559
18879
19199
19519
19839
20159
20479
20799
21119
21439
21759
22079
22399
22719
23039
23359
23679
23999
24319
24639
24959
25279
25599
25919
26239
26559
26879
27199
27519
27839
28159
28479
28799
29119
29439
29759
30079
30399
30719
31039
31359
31679
31999
32319
32639
32959
33279
33599
33919
34239
34559
34879
35199
35519
35839
36159
36479
36799
37119
37439
37759
38079
38399
38719
39039
39359
39679
39999
40319
40639
40959
41279
41599
41919
42239
42559
42879
43199
43519
43839
44159
44479
44799
45119
45439
45759
46079
46399
46719
47039
47359
47679
47999
48319
48639
48959
49279
49599
49919
50239
50559
50879
51199
51519
51839
52159
52479
52799
53119
53439
53759
54079
54399
54719
55039
55359
55679
55999
56319
56639
56959
57279
57599
57919
58239
58559
58879
59199
59519
59839
60159
60479
60799
61119
61439
61759
62079
62399
62719
63039
63359
63679
63999
64319
64639
64959
65279
65599
65919
66239
66559
66879
67199
67519
67839
68159
68479
68799
69119
69439
69759
70079
70399
70719
71039
71359
71679
71999
72319
72639
72959
73279
73599
73919
74239
74559
74879
75199
75519
75839
76159
76479
76799
)
;
    flipMap         List<bool> 240{0};
}
x0_gap_upper_leftx0_gap_upper_right1Side0Zone
{
    type            faceZone;
    faceLabels      List<label> 
240
(
109019
109339
109659
109979
110299
110619
110939
111259
111579
111899
112219
112539
112859
113179
113499
113819
114139
114459
114779
115099
115419
115739
116059
116379
116699
117019
117339
117659
117979
118299
118619
118939
119259
119579
119899
120219
120539
120859
121179
121499
121819
122139
122459
122779
123099
123419
123739
124059
124379
124699
125019
125339
125659
125979
126299
126619
126939
127259
127579
127899
128219
128539
128859
129179
129499
129819
130139
130459
130779
131099
131419
131739
132059
132379
132699
133019
133339
133659
133979
134299
134619
134939
135259
135579
135899
136219
136539
136859
137179
137499
137819
138139
138459
138779
139099
139419
139739
140059
140379
140699
141019
141339
141659
141979
142299
142619
142939
143259
143579
143899
144219
144539
144859
145179
145499
145819
146139
146459
146779
147099
147419
147739
148059
148379
148699
149019
149339
149659
149979
150299
150619
150939
151259
151579
151899
152219
152539
152859
153179
153499
153819
154139
154459
154779
155099
155419
155739
156059
156379
156699
157019
157339
157659
157979
158299
158619
158939
159259
159579
159899
160219
160539
160859
161179
161499
161819
162139
162459
162779
163099
163419
163739
164059
164379
164699
165019
165339
165659
165979
166299
166619
166939
167259
167579
167899
168219
168539
168859
169179
169499
169819
170139
170459
170779
171099
171419
171739
172059
172379
172699
173019
173339
173659
173979
174299
174619
174939
175259
175579
175899
176219
176539
176859
177179
177499
177819
178139
178459
178779
179099
179419
179739
180059
180379
180699
181019
181339
181659
181979
182299
182619
182939
183259
183579
183899
184219
184539
184859
185179
185339
)
;
    flipMap         List<bool> 240{0};
}
)

// ************************************************************************* //
